54187
54219
54244
54267
54374
54378
54383
54384
54385
54386
54387
54388
54389
54390
54391
54392
54393
54440
54442
54443
54444
54445
54464
54502
54503
54504
54505
54506
54507
54508
54509
54510
54511
54512
54513
54514
54515
54516
54517
54518
54519
54520
54529
54550
54552
54553
54554
54555
54556
54557
54558
54559
54560
54561
54562
54563
54564
54565
54566
54567
54571
54572
54575
54576
54646
54648
54650
54651
54652
54653
54655
54656
54658
54659
54660
54661
54662
54663
54664
54665
54666
54667
54668
54701
54703
54706
54720
54721
54723
54724
54725
54726
54727
54728
54729
54733
54736
54739
54741
54742
54743
54816
54817
54820
54821
54823
54824
54825
54826
54827
54828
54829
54830
54831
54832
54833
54834
54835
54836
54837
54838
54851
54852
54853
54854
54857
54858
54859
54860
54861
54881
54882
54883
54898
54905
54922
54923
54924
54925
54939
54945
54955
54956
54964
